0,0,10,0,0,1,61,99804
0,1,91,0,0,0,1,1609
0,5,92,0,0,0,53,85317
0,8,10,0,0,0,78,125560
0,11,97,0,0,0,97,156146
0,12,10,0,0,0,75,120731
0,13,100,0,0,0,93,149707
0,14,10,0,0,1,3,6438
0,17,110,0,0,0,34,54731
0,20,10,0,0,0,43,69219
0,22,10,0,0,1,46,75658
0,3,94,2,0,1,31,51511
0,2,10,1,0,0,31,49902
0,10,10,2,0,0,39,62780
0,4,10,1,0,0,67,107853
0,15,97,2,0,0,7,11268
0,6,10,1,0,1,85,138438
0,16,10,2,0,0,84,135219
0,7,96,1,0,1,67,109463
0,18,10,2,0,1,7,12877
0,9,93,1,0,0,39,62780
0,26,10,2,0,0,42,67609
0,19,99,1,0,1,3,6438
0,27,99,2,0,1,13,22536
0,21,98,1,0,0,30,48292
0,29,98,2,0,1,8,14487
0,24,10,1,0,0,81,130390
