4,292,10,1,0,1,57,93365
30,1,42,0,0,0,1,2100
34,292,44,1,0,1,57,92860
60,1,42,0,0,0,1,2664
64,292,44,1,0,1,57,92269
90,1,142,0,1,0,52,3227
94,292,42,1,3,1,56,91681
120,1,164,0,1,0,52,3978
124,292,71,1,1,1,56,90886
150,1,169,0,1,0,53,4898
154,292,61,1,1,1,55,90079
180,1,171,0,3,0,53,5856
184,292,68,1,2,1,55,89195
210,1,163,0,3,0,54,6774
214,292,68,1,1,1,54,88263
240,1,165,0,2,0,54,7693
244,292,56,1,2,1,54,87389
270,1,167,0,2,0,55,8600
274,292,67,1,3,1,53,86470
300,1,168,0,1,0,55,9515
304,292,72,1,2,1,53,85534
330,1,170,0,3,0,56,10428
334,292,60,1,3,1,52,84591
364,292,67,1,3,1,51,83688
394,292,66,1,1,1,51,82779
424,292,65,1,3,1,50,81891
450,1,78,0,2,0,8,14125
454,292,79,1,2,1,50,81030
480,1,67,0,1,0,9,15028
510,1,65,0,2,0,9,15924
540,1,78,0,2,0,10,16862
570,1,78,0,2,0,11,17832
600,1,77,0,2,0,11,18743
630,1,58,0,1,0,12,19627
660,1,64,0,2,0,12,20462
690,1,59,0,1,0,13,21274
720,1,57,0,3,0,13,22110
750,1,46,0,2,0,14,22801
780,1,46,0,3,0,14,23467
810,1,44,0,3,0,14,24084
840,1,60,0,3,0,15,24811
